5
5
5
6
7
9
27
26
26
24
22
17
5
5
5
5
5
5
5
5
27
27
27
27
27
27
0
0
0
0
0
27
27
27
27
27
27
5
5
5
6
13
17
20
22
24
25
18
15
14
12
11
11
12
12
11
13
14
17
21
25
23
21
19
15
9
0
0
11
21
25
28
30
32
29
25
20
18
17
16
17
16
16
16
18
20
22
25
32
29
27
24
19
10
0
0
0
0
27
27
27
27
27
27
10
11
11
12
11
11
11
12
11
11
10
27
27
27
27
27
27
0
0
5
5
5
5
5
5
5
5
5
27
27
27
27
27
27
5
5
5
5
5
5
5
5
5
0
13
17
20
22
23
25
22
19
18
17
16
17
17
17
16
18
18
20
23
23
21
19
17
14
5
0
0
0
0
0
0
0
0
0
0
0
0
0
0
0
0
13
17
21
23
23
25
18
14
14
12
11
12
11
11
11
12
14
15
19
19
18
16
14
9
0
0
0
27
27
27
27
27
27
15
15
15
15
15
15
15
15
16
19
24
27
25
25
22
18
8
0
0
0
13
17
20
22
23
25
18
16
13
13
11
12
12
12
11
12
13
14
17
21
24
23
21
19
15
9
0
0
0
0
27
27
27
27
27
27
5
5
5
6
13
17
20
22
24
25
18
15
14
12
11
11
12
12
11
13
14
17
21
25
23
21
19
15
9
0
0
0
0
0
0
0
0
0
0
0
0
0
0
0
0
13
17
21
23
23
25
18
14
14
12
11
12
11
11
11
12
14
15
19
19
18
16
14
9
0
0
0
13
17
20
22
23
25
22
19
18
17
16
17
17
17
16
18
18
20
23
23
21
19
17
14
5
0
0
0
27
27
27
27
27
27
13
15
16
16
15
16
14
11
9
11
13
16
16
15
16
16
14
11
27
27
27
27
27
0
0
0
0
0
27
27
27
27
27
27
10
10
10
10
10
10
10
10
11
11
13
17
16
15
14
12
10
0
0
0
0
27
27
27
27
27
27
5
5
5
6
13
17
20
22
24
25
18
15
14
12
11
11
12
12
11
13
14
17
21
25
23
21
19
15
9
0
0
0
0
0
0
0
0
0
0
